positivas\pessoas1.png 5 99 7 124 145 246 36 78 96 29 128 33 68 74 117 17 74 2 125 22 75
positivas\pessoas10.png 14 134 43 60 100 0 78 26 98 370 42 28 63 316 79 23 23 341 84 14 20 360 84 14 19 62 26 46 46 40 36 22 39 1 59 11 16 214 79 15 14 196 45 26 47 270 76 16 20 259 86 12 11 229 70 28 27
positivas\pessoas11.png 13 179 28 62 196 243 48 45 175 293 84 31 137 328 73 35 150 363 86 36 88 382 76 16 28 80 115 45 109 43 100 30 120 11 158 33 33 12 113 22 44 120 110 23 96 143 102 28 110 98 99 21 35
positivas\pessoas2.png 4 257 63 111 133 89 4 116 156 194 52 37 70 44 106 20 38
positivas\pessoas3.png 5 189 36 101 127 2 4 129 155 370 116 29 71 348 123 12 26 330 124 11 26
positivas\pessoas4.png 5 166 28 137 162 274 127 19 39 130 128 11 30 164 125 12 34 145 126 9 33
positivas\pessoas5.png 10 142 0 119 156 280 94 22 68 334 99 14 40 334 99 14 40 354 100 22 49 28 107 21 51 53 103 19 58 88 101 20 57 115 103 13 48 130 102 8 44
positivas\pessoas6.png 7 205 14 83 195 151 26 57 193 104 28 46 194 3 94 37 98 57 104 27 82 291 101 38 73 325 123 22 44
positivas\pessoas7.png 3 128 42 103 174 257 21 78 201 61 87 17 32
positivas\pessoas8.png 3 283 54 58 165 211 59 67 160 126 54 92 168
positivas\pessoas9.png 6 23 82 40 105 369 116 28 79 313 85 45 119 241 56 73 161 199 123 22 60 119 62 82 148
